inference_time: 27.01531672477722
total_training_time: 178.893536567688
train_per_epoch: 4.809238570077079
