inference_time: 0.9003236293792725
load_time_per_epoch: 15.519568736212594
load_total_training_time: 681.7320828437805
time_per_epoch: 8.549742541994368
total_training_time: 300.69170331954956
